492
1003823
19
597
21
4182
599
9
122
3871
4166
1664
113
493
3859
1742
1684
3964
4667
4085
3839
4305
6650
4191
4726
1756
1773
12095
4136
21978
3942
1774
3834
4345
1667
1625
4004
4026
701
5350
1654
1695
7208
1662
1685
699
3799
1719
128
1663
4106
1697
1677
3810
4175
3843
3968
4252
4791
1698
1755
1775
6426
5716
4094
12472
1721
4195
65443
1643
4342
7368
3798
5379
1708
4711
6971
84
5537
3916
4747
7481
4255
3993
1741
6815
4231
1036
1716
10695
8013
3841
3978
5611
5125
1693
87
3959
4057
1702
1659
4295
7250
4434
1734
4234
1738
4325
4700
4172
3987
6730
1678
4562
1646
6129
8945
5395
4885
4947
14139
5577
1038
10397
4486
13782
1676
11014
5900
1687
3835
5984
1720
4604
9551
7332
5851
4637
1710
1621
1743
5154
1666
4168
4115
31275
1644
7948
3814
6691
4840
5094
4400
5411
5752
15045
1770
1645
3878
4695
4975
9130
42804
44868
7743
5923
5613
1673
4328
1759
8369
30358
9204
5608
1628
17389
5711
5547
4158
16689
1669
24904
379975
3955
4145
3813
872
3877
17305
4064
1100687
4684
5186
1714
4758
8122
10235
12057
15172
5363
4150
21725
1027
9541
6378
5673
13906
1752
5030
4364
8666
4598
1751
6869
4736
4236
1665
4036
16598
10808
3854
4190
1754
6276
1100689
19995
784
29482
5794
11123
10816
4242
4474
7926
7569
7432
1445
4161
16094
15277
6052
791774
5228
1732
4608
17894
32322
176981
1777
5055
5652
4046
4821
7782
4835
4853
1670
13276
220585
4878
5796
1681
615955
1616
1717
4508
11104
6625
1651
24003
809
4155
87918
1688
5502
6506
4202
7107
31579
4845
29363
3952
5708
9564
13190
1647
5981
198631
5765
6910
10679
13070
22602
18594
5300
1718
4754
4102
5160
14153
5432
255534
9157
620519
25085
5372
6915
1649
7478
5153
1730
4777
21006
15564
9271
1671
1638
5179
9994
4018
15339
9592
26921
8093
4559
353880
916648
4376
180368
1679
5390
4994
8253
1680
7226
17770
7178
1674
7702
56690
13382
10383
7108
3965
6310
5348
4184
3934
8075
13577
11333
10437
7622
1084988
9803
6041
7113
5230
776177
6702
150626
6621
5382
3796
7423
15954
12286
51306
5310
16250
1736
12190
3920
6948
454187
1091588
4137
17015
198913
1100688
1733
7038
61357
14720
29855
123332
4520
1100686
71389
856791
1746
92092
19780
22955
922563
745697
14906
4291
1723
17927
17337
47827
5727
5914
189941
324176
15868
233824
1753
5407
27758
96359
143739
337964
19568
7328
603297
7309
129761
28444
8461
5941
117648
348922
252854
